对方取消交易请求
AA55
4300
000000
9800
3400
01000000
01000000
0000
0000
00000000000000000000000000000000000000000000000000000000000000000000000000010000
0000000000000000
55AA

发送交易请求
AA55
4300
000000
9800
3400
01000000
01000000
0000
0000
00000000000000000000000000000000000000000000000000000000000000000000000000010000
0000000000000000
55AA

关闭交易
AA55
4300
000000
9800
3400
01000000
01000000
0000
0000
00000000000000000000000000000000000000000000000000000000000000000000000000010000
0000000000000000
55AA

接受交易请求
AA55
4300
000000
9800
3400
01000000
01000000
0000
0000
00000000000000000000000000000000000000000000000000000000000000000000000000010000
0000000000000000
55AA